1	1	1	1	1	1	1	101.1375	-20.475	-15	18.3	0	-1	0
2	1	2	1	2	1	1	177.8625	-18	-15	18.7	0	-1	0
3	1	3	1	3	1	1	279	-9	-15	18.7	0	-1	0
4	1	4	1	4	1	1	279	0	-15	18.7	0	-1	0
5	1	5	1	5	1	1	279	9	-15	18.7	0	-1	0
6	1	6	1	6	1	1	177.8625	18	-15	18.7	0	-1	0
7	1	7	1	7	1	1	101.1375	20.475	-15	18.3	0	-1	0
8	1	8	1	8	1	1	67.425	22.5	-13.65	19.1	1	-1.22515E-16	0
9	1	9	1	9	1	1	118.575	22.5	-12	18.7	1	-1.22515E-16	0
10	1	10	1	10	1	1	186	22.5	-6	18.7	1	-1.22515E-16	0
11	1	11	1	11	1	1	186	22.5	0	18.7	1	-1.22515E-16	0
12	1	12	1	12	1	1	186	22.5	6	18.7	1	-1.22515E-16	0
13	1	13	1	13	1	1	118.575	22.5	12	18.7	1	-1.22515E-16	0
14	1	14	1	14	1	1	67.425	22.5	13.65	19.1	1	-1.22515E-16	0
15	1	15	1	15	1	1	101.1375	20.475	15	18.3	0	1	0
16	1	16	1	16	1	1	177.8625	18	15	18.7	0	1	0
17	1	17	1	17	1	1	279	9	15	18.7	0	1	0
18	1	18	1	18	1	1	279	0	15	18.7	0	1	0
19	1	19	1	19	1	1	279	-9	15	18.7	0	1	0
20	1	20	1	20	1	1	177.8625	-18	15	18.7	0	1	0
21	1	21	1	21	1	1	101.1375	-20.475	15	18.3	0	1	0
22	1	22	1	22	1	1	67.425	-22.5	13.65	19.1	-1	0	0
23	1	23	1	23	1	1	118.575	-22.5	12	18.7	-1	0	0
24	1	24	1	24	1	1	186	-22.5	6	18.7	-1	0	0
25	1	25	1	25	1	1	186	-22.5	0	18.7	-1	0	0
26	1	26	1	26	1	1	186	-22.5	-6	18.7	-1	0	0
27	1	27	1	27	1	1	118.575	-22.5	-12	18.7	-1	0	0
28	1	28	1	28	1	1	67.425	-22.5	-13.65	19.1	-1	0	0
29	1	29	1	29	2	1	67.370625	-20.475	-15	42.9	0	-1	0
30	1	30	1	30	2	1	118.479375	-18	-15	43.3	0	-1	0
31	1	31	1	31	2	1	185.85	-9	-15	43.3	0	-1	0
32	1	32	1	32	2	1	185.85	0	-15	43.3	0	-1	0
33	1	33	1	33	2	1	185.85	9	-15	43.3	0	-1	0
34	1	34	1	34	2	1	118.479375	18	-15	43.3	0	-1	0
35	1	35	1	35	2	1	67.370625	20.475	-15	42.9	0	-1	0
36	1	36	1	36	2	1	44.91375	22.5	-13.65	43.7	1	0	0
37	1	37	1	37	2	1	78.98625	22.5	-12	43.3	1	0	0
38	1	38	1	38	2	1	123.9	22.5	-6	43.3	1	0	0
39	1	39	1	39	2	1	123.9	22.5	0	43.3	1	0	0
40	1	40	1	40	2	1	123.9	22.5	6	43.3	1	0	0
41	1	41	1	41	2	1	78.98625	22.5	12	43.3	1	0	0
42	1	42	1	42	2	1	44.91375	22.5	13.65	43.7	1	0	0
43	1	43	1	43	2	1	67.370625	20.475	15	42.9	0	1	0
44	1	44	1	44	2	1	118.479375	18	15	43.3	0	1	0
45	1	45	1	45	2	1	185.85	9	15	43.3	0	1	0
46	1	46	1	46	2	1	185.85	0	15	43.3	0	1	0
47	1	47	1	47	2	1	185.85	-9	15	43.3	0	1	0
48	1	48	1	48	2	1	118.479375	-18	15	43.3	0	1	0
49	1	49	1	49	2	1	67.370625	-20.475	15	42.9	0	1	0
50	1	50	1	50	2	1	44.91375	-22.5	13.65	43.7	-1	0	0
51	1	51	1	51	2	1	78.98625	-22.5	12	43.3	-1	0	0
52	1	52	1	52	2	1	123.9	-22.5	6	43.3	-1	0	0
53	1	53	1	53	2	1	123.9	-22.5	0	43.3	-1	0	0
54	1	54	1	54	2	1	123.9	-22.5	-6	43.3	-1	0	0
55	1	55	1	55	2	1	78.98625	-22.5	-12	43.3	-1	0	0
56	1	56	1	56	2	1	44.91375	-22.5	-13.65	43.7	-1	0	0
57	1	57	1	57	3	1	59.3775	-20.475	-15	59.6	0	-1	0
58	1	58	1	58	3	1	104.4225	-18	-15	60	0	-1	0
59	1	59	1	59	3	1	163.8	-9	-15	60	0	-1	0
60	1	60	1	60	3	1	163.8	0	-15	60	0	-1	0
61	1	61	1	61	3	1	163.8	9	-15	60	0	-1	0
62	1	62	1	62	3	1	104.4225	18	-15	60	0	-1	0
63	1	63	1	63	3	1	59.3775	20.475	-15	59.6	0	-1	0
64	1	64	1	64	3	1	39.585	22.5	-13.65	60.4	1	0	0
65	2	1	2	1	3	1	69.615	22.5	-12	60	1	0	0
66	2	2	2	2	3	1	109.2	22.5	-6	60	1	0	0
67	2	3	2	3	3	1	109.2	22.5	0	60	1	0	0
68	2	4	2	4	3	1	109.2	22.5	6	60	1	0	0
69	2	5	2	5	3	1	69.615	22.5	12	60	1	0	0
70	2	6	2	6	3	1	39.585	22.5	13.65	60.4	1	0	0
71	2	7	2	7	3	1	59.3775	20.475	15	59.6	-6.12574E-17	1	0
72	2	8	2	8	3	1	104.4225	18	15	60	-6.12574E-17	1	0
73	2	9	2	9	3	1	163.8	9	15	60	-6.12574E-17	1	0
74	2	10	2	10	3	1	163.8	0	15	60	-6.12574E-17	1	0
75	2	11	2	11	3	1	163.8	-9	15	60	-6.12574E-17	1	0
76	2	12	2	12	3	1	104.4225	-18	15	60	-6.12574E-17	1	0
77	2	13	2	13	3	1	59.3775	-20.475	15	59.6	-6.12574E-17	1	0
78	2	14	2	14	3	1	39.585	-22.5	13.65	60.4	-1	0	0
79	2	15	2	15	3	1	69.615	-22.5	12	60	-1	0	0
80	2	16	2	16	3	1	109.2	-22.5	6	60	-1	0	0
81	2	17	2	17	3	1	109.2	-22.5	0	60	-1	0	0
82	2	18	2	18	3	1	109.2	-22.5	-6	60	-1	0	0
83	2	19	2	19	3	1	69.615	-22.5	-12	60	-1	0	0
84	2	20	2	20	3	1	39.585	-22.5	-13.65	60.4	-1	0	0
85	2	21	2	21	4	1	65.9025	-20.475	-15	79.3	1.83772E-16	-1	0
86	2	22	2	22	4	1	115.8975	-18	-15	79.7	1.83772E-16	-1	0
87	2	23	2	23	4	1	181.8	-9	-15	79.7	1.83772E-16	-1	0
88	2	24	2	24	4	1	181.8	0	-15	79.7	1.83772E-16	-1	0
89	2	25	2	25	4	1	181.8	9	-15	79.7	1.83772E-16	-1	0
90	2	26	2	26	4	1	115.8975	18	-15	79.7	1.83772E-16	-1	0
91	2	27	2	27	4	1	65.9025	20.475	-15	79.3	1.83772E-16	-1	0
92	2	28	2	28	4	1	43.935	22.5	-13.65	80.1	1	0	0
93	2	29	2	29	4	1	77.265	22.5	-12	79.7	1	0	0
94	2	30	2	30	4	1	121.2	22.5	-6	79.7	1	0	0
95	2	31	2	31	4	1	121.2	22.5	0	79.7	1	0	0
96	2	32	2	32	4	1	121.2	22.5	6	79.7	1	0	0
97	2	33	2	33	4	1	77.265	22.5	12	79.7	1	0	0
98	2	34	2	34	4	1	43.935	22.5	13.65	80.1	1	0	0
99	2	35	2	35	4	1	65.9025	20.475	15	79.3	-6.12574E-17	1	0
100	2	36	2	36	4	1	115.8975	18	15	79.7	-6.12574E-17	1	0
101	2	37	2	37	4	1	181.8	9	15	79.7	-6.12574E-17	1	0
102	2	38	2	38	4	1	181.8	0	15	79.7	-6.12574E-17	1	0
103	2	39	2	39	4	1	181.8	-9	15	79.7	-6.12574E-17	1	0
104	2	40	2	40	4	1	115.8975	-18	15	79.7	-6.12574E-17	1	0
105	2	41	2	41	4	1	65.9025	-20.475	15	79.3	-6.12574E-17	1	0
106	2	42	2	42	4	1	43.935	-22.5	13.65	80.1	-1	0	0
107	2	43	2	43	4	1	77.265	-22.5	12	79.7	-1	0	0
108	2	44	2	44	4	1	121.2	-22.5	6	79.7	-1	0	0
109	2	45	2	45	4	1	121.2	-22.5	0	79.7	-1	0	0
110	2	46	2	46	4	1	121.2	-22.5	-6	79.7	-1	0	0
111	2	47	2	47	4	1	77.265	-22.5	-12	79.7	-1	0	0
112	2	48	2	48	4	1	43.935	-22.5	-13.65	80.1	-1	0	0
113	2	49	2	49	5	1	65.9025	-20.475	-15	100	0	-1	0
114	2	50	2	50	5	1	115.8975	-18	-15	100.4	0	-1	0
115	2	51	2	51	5	1	181.8	-9	-15	100.4	0	-1	0
116	2	52	2	52	5	1	181.8	0	-15	100.4	0	-1	0
117	2	53	2	53	5	1	181.8	9	-15	100.4	0	-1	0
118	2	54	2	54	5	1	115.8975	18	-15	100.4	0	-1	0
119	2	55	2	55	5	1	65.9025	20.475	-15	100	0	-1	0
120	2	56	2	56	5	1	43.935	22.5	-13.65	100.8	1	-1.22515E-16	0
121	2	57	2	57	5	1	77.265	22.5	-12	100.4	1	-1.22515E-16	0
122	2	58	2	58	5	1	121.2	22.5	-6	100.4	1	-1.22515E-16	0
123	2	59	2	59	5	1	121.2	22.5	0	100.4	1	-1.22515E-16	0
124	2	60	2	60	5	1	121.2	22.5	6	100.4	1	-1.22515E-16	0
125	2	61	2	61	5	1	77.265	22.5	12	100.4	1	-1.22515E-16	0
126	2	62	2	62	5	1	43.935	22.5	13.65	100.8	1	-1.22515E-16	0
127	2	63	2	63	5	1	65.9025	20.475	15	100	0	1	0
128	2	64	2	64	5	1	115.8975	18	15	100.4	0	1	0
129	3	1	3	1	5	1	181.8	9	15	100.4	0	1	0
130	3	2	3	2	5	1	181.8	0	15	100.4	0	1	0
131	3	3	3	3	5	1	181.8	-9	15	100.4	0	1	0
132	3	4	3	4	5	1	115.8975	-18	15	100.4	0	1	0
133	3	5	3	5	5	1	65.9025	-20.475	15	100	0	1	0
134	3	6	3	6	5	1	43.935	-22.5	13.65	100.8	-1	0	0
135	3	7	3	7	5	1	77.265	-22.5	12	100.4	-1	0	0
136	3	8	3	8	5	1	121.2	-22.5	6	100.4	-1	0	0
137	3	9	3	9	5	1	121.2	-22.5	0	100.4	-1	0	0
138	3	10	3	10	5	1	121.2	-22.5	-6	100.4	-1	0	0
139	5	31	5	31	5	1	77.265	-22.5	-12	100.4	-1	0	0
140	3	12	3	12	5	1	43.935	-22.5	-13.65	100.8	-1	0	0
141	3	13	3	13	6	1	56.930625	-20.475	-15	119.7	0	-1	0
142	3	14	3	14	6	1	100.119375	-18	-15	120.1	0	-1	0
143	3	15	3	15	6	1	157.05	-9	-15	120.1	0	-1	0
144	3	16	3	16	6	1	157.05	0	-15	120.1	0	-1	0
145	3	17	3	17	6	1	157.05	9	-15	120.1	0	-1	0
146	3	21	3	21	6	1	100.119375	18	-15	120.1	0	-1	0
147	3	19	3	19	6	1	56.930625	20.475	-15	119.7	0	-1	0
148	3	20	3	20	6	1	37.95375	22.5	-13.65	120.5	1	0	0
149	3	18	3	18	6	1	66.74625	22.5	-12	120.1	1	0	0
150	3	22	3	22	6	1	104.7	22.5	-6	120.1	1	0	0
151	3	23	3	23	6	1	104.7	22.5	0	120.1	1	0	0
152	3	24	3	24	6	1	104.7	22.5	6	120.1	1	0	0
153	3	25	3	25	6	1	66.74625	22.5	12	120.1	1	0	0
154	3	26	3	26	6	1	37.95375	22.5	13.65	120.5	1	0	0
155	3	27	3	27	6	1	56.930625	20.475	15	119.7	1.83772E-16	1	0
156	3	28	3	28	6	1	100.119375	18	15	120.1	1.83772E-16	1	0
157	3	29	3	29	6	1	157.05	9	15	120.1	1.83772E-16	1	0
158	3	30	3	30	6	1	157.05	0	15	120.1	1.83772E-16	1	0
159	3	31	3	31	6	1	157.05	-9	15	120.1	1.83772E-16	1	0
160	3	32	3	32	6	1	100.119375	-18	15	120.1	1.83772E-16	1	0
161	3	33	3	33	6	1	56.930625	-20.475	15	119.7	1.83772E-16	1	0
162	3	34	3	34	6	1	37.95375	-22.5	13.65	120.5	-1	0	0
163	3	35	3	35	6	1	66.74625	-22.5	12	120.1	-1	0	0
164	3	36	3	36	6	1	104.7	-22.5	6	120.1	-1	0	0
165	3	37	3	37	6	1	104.7	-22.5	0	120.1	-1	0	0
166	3	38	3	38	6	1	104.7	-22.5	-6	120.1	-1	0	0
167	3	39	3	39	6	1	66.74625	-22.5	-12	120.1	-1	0	0
168	3	40	3	40	6	1	37.95375	-22.5	-13.65	120.5	-1	0	0
169	3	41	3	41	7	1	54.48375	-20.475	-15	134.9	0	-1	0
170	3	42	3	42	7	1	95.81625	-18	-15	135.3	0	-1	0
171	3	43	3	43	7	1	150.3	-9	-15	135.3	0	-1	0
172	3	44	3	44	7	1	150.3	0	-15	135.3	0	-1	0
173	3	45	3	45	7	1	150.3	9	-15	135.3	0	-1	0
174	3	46	3	46	7	1	95.81625	18	-15	135.3	0	-1	0
175	3	47	3	47	7	1	54.48375	20.475	-15	134.9	0	-1	0
176	3	48	3	48	7	1	36.3225	22.5	-13.65	135.7	1	0	0
177	3	49	3	49	7	1	63.8775	22.5	-12	135.3	1	0	0
178	3	50	3	50	7	1	100.2	22.5	-6	135.3	1	0	0
179	3	51	3	51	7	1	100.2	22.5	0	135.3	1	0	0
180	3	52	3	52	7	1	100.2	22.5	6	135.3	1	0	0
181	3	53	3	53	7	1	63.8775	22.5	12	135.3	1	0	0
182	3	54	3	54	7	1	36.3225	22.5	13.65	135.7	1	0	0
183	3	55	3	55	7	1	54.48375	20.475	15	134.9	-6.12574E-17	1	0
184	3	56	3	56	7	1	95.81625	18	15	135.3	-6.12574E-17	1	0
185	3	57	3	57	7	1	150.3	9	15	135.3	-6.12574E-17	1	0
186	3	58	3	58	7	1	150.3	0	15	135.3	-6.12574E-17	1	0
187	3	59	3	59	7	1	150.3	-9	15	135.3	-6.12574E-17	1	0
188	3	60	3	60	7	1	95.81625	-18	15	135.3	-6.12574E-17	1	0
189	3	61	3	61	7	1	54.48375	-20.475	15	134.9	-6.12574E-17	1	0
190	3	62	3	62	7	1	36.3225	-22.5	13.65	135.7	-1	0	0
191	3	63	3	63	7	1	63.8775	-22.5	12	135.3	-1	0	0
192	3	64	3	64	7	1	100.2	-22.5	6	135.3	-1	0	0
193	4	1	4	1	7	1	100.2	-22.5	0	135.3	-1	0	0
194	4	2	4	2	7	1	100.2	-22.5	-6	135.3	-1	0	0
195	4	3	4	3	7	1	63.8775	-22.5	-12	135.3	-1	0	0
196	4	4	4	4	7	1	36.3225	-22.5	-13.65	135.7	-1	0	0
197	4	5	4	5	8	1	61.00875	-20.475	-15	153.1	1.83772E-16	-1	0
198	4	6	4	6	8	1	107.29125	-18	-15	153.5	1.83772E-16	-1	0
199	4	7	4	7	8	1	168.3	-9	-15	153.5	1.83772E-16	-1	0
200	4	8	4	8	8	1	168.3	0	-15	153.5	1.83772E-16	-1	0
201	4	9	4	9	8	1	168.3	9	-15	153.5	1.83772E-16	-1	0
202	4	10	4	10	8	1	107.29125	18	-15	153.5	1.83772E-16	-1	0
203	4	11	4	11	8	1	61.00875	20.475	-15	153.1	1.83772E-16	-1	0
204	4	12	4	12	8	1	40.6725	22.5	-13.65	153.9	1	0	0
205	4	13	4	13	8	1	71.5275	22.5	-12	153.5	1	0	0
206	4	14	4	14	8	1	112.2	22.5	-6	153.5	1	0	0
207	4	15	4	15	8	1	112.2	22.5	0	153.5	1	0	0
208	4	16	4	16	8	1	112.2	22.5	6	153.5	1	0	0
209	4	17	4	17	8	1	71.5275	22.5	12	153.5	1	0	0
210	4	18	4	18	8	1	40.6725	22.5	13.65	153.9	1	0	0
211	4	19	4	19	8	1	61.00875	20.475	15	153.1	-6.12574E-17	1	0
212	4	20	4	20	8	1	107.29125	18	15	153.5	-6.12574E-17	1	0
213	4	21	4	21	8	1	168.3	9	15	153.5	-6.12574E-17	1	0
214	4	22	4	22	8	1	168.3	0	15	153.5	-6.12574E-17	1	0
215	4	23	4	23	8	1	168.3	-9	15	153.5	-6.12574E-17	1	0
216	4	24	4	24	8	1	107.29125	-18	15	153.5	-6.12574E-17	1	0
217	4	25	4	25	8	1	61.00875	-20.475	15	153.1	-6.12574E-17	1	0
218	4	26	4	26	8	1	40.6725	-22.5	13.65	153.9	-1	0	0
219	4	27	4	27	8	1	71.5275	-22.5	12	153.5	-1	0	0
220	4	28	4	28	8	1	112.2	-22.5	6	153.5	-1	0	0
221	4	29	4	29	8	1	112.2	-22.5	0	153.5	-1	0	0
222	4	30	4	30	8	1	112.2	-22.5	-6	153.5	-1	0	0
223	4	31	4	31	8	1	71.5275	-22.5	-12	153.5	-1	0	0
224	4	32	4	32	8	1	40.6725	-22.5	-13.65	153.9	-1	0	0
225	4	33	4	33	9	1	39.313125	-20.475	-15	172.3	1.83772E-16	-1	0
226	4	34	4	34	9	1	69.136875	-18	-15	172.7	1.83772E-16	-1	0
227	4	36	4	36	9	1	108.45	-9	-15	172.7	1.83772E-16	-1	0
228	4	37	4	37	9	1	108.45	0	-15	172.7	1.83772E-16	-1	0
229	4	38	4	38	9	1	108.45	9	-15	172.7	1.83772E-16	-1	0
230	4	39	4	39	9	1	69.136875	18	-15	172.7	1.83772E-16	-1	0
231	4	40	4	40	9	1	39.313125	20.475	-15	172.3	1.83772E-16	-1	0
232	4	41	4	41	9	1	26.20875	22.5	-13.65	173.1	1	0	0
233	4	42	4	42	9	1	46.09125	22.5	-12	172.7	1	0	0
234	4	43	4	43	9	1	72.3	22.5	-6	172.7	1	0	0
235	4	44	4	44	9	1	72.3	22.5	0	172.7	1	0	0
236	4	45	4	45	9	1	72.3	22.5	6	172.7	1	0	0
237	4	46	4	46	9	1	46.09125	22.5	12	172.7	1	0	0
238	4	47	4	47	9	1	26.20875	22.5	13.65	173.1	1	0	0
239	4	48	4	48	9	1	39.313125	20.475	15	172.3	0	1	0
240	4	49	4	49	9	1	69.136875	18	15	172.7	0	1	0
241	4	50	4	50	9	1	108.45	9	15	172.7	0	1	0
242	4	51	4	51	9	1	108.45	0	15	172.7	0	1	0
243	4	52	4	52	9	1	108.45	-9	15	172.7	0	1	0
244	4	53	4	53	9	1	69.136875	-18	15	172.7	0	1	0
245	4	54	4	54	9	1	39.313125	-20.475	15	172.3	0	1	0
246	4	55	4	55	9	1	26.20875	-22.5	13.65	173.1	-1	0	0
247	4	56	4	56	9	1	46.09125	-22.5	12	172.7	-1	0	0
248	4	57	4	57	9	1	72.3	-22.5	6	172.7	-1	0	0
249	4	58	4	58	9	1	72.3	-22.5	0	172.7	-1	0	0
250	4	59	4	59	9	1	72.3	-22.5	-6	172.7	-1	0	0
251	4	60	4	60	9	1	46.09125	-22.5	-12	172.7	-1	0	0
252	4	61	4	61	9	1	26.20875	-22.5	-13.65	173.1	-1	0	0
253	4	62	4	62	10	1	15.823125	-20.475	-15	177.2	-6.12574E-17	-1	0
254	4	63	4	63	10	1	27.826875	-18	-15	177.6	-6.12574E-17	-1	0
255	4	64	4	64	10	1	43.65	-9	-15	177.6	-6.12574E-17	-1	0
256	5	1	5	1	10	1	43.65	0	-15	177.6	-6.12574E-17	-1	0
257	5	2	5	2	10	1	43.65	9	-15	177.6	-6.12574E-17	-1	0
258	5	3	5	3	10	1	27.826875	18	-15	177.6	-6.12574E-17	-1	0
259	5	4	5	4	10	1	15.823125	20.475	-15	177.2	-6.12574E-17	-1	0
260	5	5	5	5	10	1	10.54875	22.5	-13.65	178	1	0	0
261	5	6	5	6	10	1	18.55125	22.5	-12	177.6	1	0	0
262	5	7	5	7	10	1	29.1	22.5	-6	177.6	1	0	0
263	5	8	5	8	10	1	29.1	22.5	0	177.6	1	0	0
264	5	9	5	9	10	1	29.1	22.5	6	177.6	1	0	0
265	5	10	5	10	10	1	18.55125	22.5	12	177.6	1	0	0
266	5	11	5	11	10	1	10.54875	22.5	13.65	178	1	0	0
267	5	12	5	12	10	1	15.823125	20.475	15	177.2	-6.12574E-17	1	0
268	5	13	5	13	10	1	27.826875	18	15	177.6	-6.12574E-17	1	0
269	5	14	5	14	10	1	43.65	9	15	177.6	-6.12574E-17	1	0
270	5	16	5	16	10	1	43.65	0	15	177.6	-6.12574E-17	1	0
271	5	17	5	17	10	1	43.65	-9	15	177.6	-6.12574E-17	1	0
272	5	18	5	18	10	1	27.826875	-18	15	177.6	-6.12574E-17	1	0
273	5	19	5	19	10	1	15.823125	-20.475	15	177.2	-6.12574E-17	1	0
274	5	20	5	20	10	1	10.54875	-22.5	13.65	178	-1	0	0
275	5	21	5	21	10	1	18.55125	-22.5	12	177.6	-1	0	0
276	5	24	5	24	10	1	29.1	-22.5	6	177.6	-1	0	0
277	5	25	5	25	10	1	29.1	-22.5	0	177.6	-1	0	0
278	5	26	5	26	10	1	29.1	-22.5	-6	177.6	-1	0	0
279	5	29	5	29	10	1	18.55125	-22.5	-12	177.6	-1	0	0
280	5	30	5	30	10	1	10.54875	-22.5	-13.65	178	-1	0	0
288	5	63	5	63	-1	1	0	0	0	0	0	0	0
289	5	64	5	64	-2	1	0	0	0	0	0	0	0
